8.555000e-006 1.275500e-005
6.675500e-005 9.167550e-004
9.300950e-004 9.308242e-004
9.314348e-004 9.366358e-004
9.367619e-004 9.375509e-004
9.376773e-004 9.381773e-004
9.381774e-004 9.381774e-004
9.381775e-004 9.381778e-004
9.381791e-004 9.381839e-004
9.382004e-004 9.382550e-004
9.384251e-004 9.389273e-004
9.406260e-004 9.447743e-004
9.686837e-004 1.011117e-003
1.113359e-003 1.356929e-003
1.994788e-003 2.985319e-003
4.627599e-003 7.406698e-003
1.239778e-002 1.903152e-002
2.884564e-002 4.151780e-002
5.900393e-002 8.283769e-002
1.119289e-001 1.412922e-001
1.712741e-001 2.029436e-001
2.354340e-001 2.681598e-001
2.996900e-001 3.293825e-001
3.582464e-001 3.890511e-001
4.202980e-001 4.461324e-001
4.675666e-001 4.830821e-001
4.924539e-001 4.971886e-001
4.992424e-001 4.999405e-001
5.002269e-001 5.003712e-001
5.004983e-001 5.005967e-001
5.006559e-001 5.007357e-001
5.008002e-001 5.008569e-001
5.009372e-001 5.009987e-001
5.010667e-001 5.011419e-001
5.012147e-001 5.012777e-001
5.013679e-001 5.014432e-001
5.016013e-001 5.017315e-001
5.020285e-001 5.026297e-001
5.042828e-001 5.078132e-001
5.167071e-001 5.311004e-001
5.525819e-001 5.855512e-001
6.243486e-001 6.575813e-001
6.892231e-001 7.211460e-001
7.548921e-001 7.868558e-001
8.184602e-001 8.477510e-001
8.769230e-001 9.067805e-001
9.341401e-001 9.539176e-001
9.688564e-001 9.800169e-001
9.884149e-001 9.936835e-001
9.969391e-001 9.990411e-001
1.000304e+000 1.001043e+000
1.001406e+000 1.001560e+000
1.001626e+000 1.001659e+000
1.001669e+000 1.001674e+000
1.001676e+000 1.001676e+000
1.001676e+000 1.001676e+000
1.001676e+000 1.001676e+000
1.001676e+000 1.001676e+000
1.001676e+000 1.001676e+000
1.001676e+000 1.000000e+000
2.000000e+000 3.000000e+000
4.000000e+000 5.000000e+000
6.000000e+000 7.000000e+000
8.000000e+000 9.000000e+000
1.000000e+001 1.100000e+001
1.200000e+001 1.300000e+001
1.400000e+001 1.500000e+001
1.600000e+001 1.700000e+001
1.800000e+001 1.900000e+001
2.000000e+001 2.100000e+001
2.200000e+001 2.300000e+001
2.400000e+001 2.500000e+001
2.600000e+001 2.700000e+001
2.800000e+001 2.900000e+001
3.000000e+001 3.100000e+001
3.200000e+001 3.300000e+001
3.400000e+001 3.500000e+001
3.600000e+001 3.700000e+001
3.800000e+001 3.900000e+001
4.000000e+001 4.100000e+001
4.200000e+001 4.300000e+001
4.400000e+001 4.500000e+001
4.600000e+001 4.700000e+001
4.800000e+001 4.900000e+001
5.000000e+001 5.100000e+001
5.200000e+001 5.300000e+001
5.400000e+001 5.500000e+001
5.600000e+001 5.700000e+001
5.800000e+001 5.900000e+001
6.000000e+001 6.100000e+001
6.200000e+001 6.300000e+001
6.400000e+001 6.500000e+001
6.600000e+001 6.700000e+001
6.800000e+001 6.900000e+001
7.000000e+001 7.100000e+001
7.200000e+001 7.300000e+001
7.400000e+001 7.500000e+001
7.600000e+001 7.700000e+001
7.800000e+001 7.900000e+001
8.000000e+001 8.100000e+001
8.200000e+001 8.300000e+001
8.400000e+001 8.500000e+001
8.600000e+001 8.700000e+001
8.800000e+001 8.900000e+001
9.000000e+001 9.100000e+001
9.200000e+001 9.300000e+001
9.400000e+001 9.500000e+001
9.600000e+001 9.700000e+001
9.800000e+001 9.900000e+001
1.000000e+002 1.010000e+002
1.020000e+002 1.030000e+002
1.040000e+002 1.050000e+002
1.060000e+002 1.070000e+002
1.080000e+002 1.090000e+002
1.100000e+002 1.110000e+002
1.120000e+002 1.130000e+002
1.140000e+002 1.150000e+002
1.160000e+002 1.170000e+002
1.180000e+002 1.190000e+002
